
x3;
P = A1*exp(j*2*pi*440*(-tm1));
Q = A2*exp(j*2*pi*440*(-tm2))

Q =

           9.50623889096877 +      32.2271845209574i

JJ = P+Q;
abs(JJ)

ans =

          15.2814519405665

atan(imag(JJ) / real(JJ))

ans =

         0.114870442697732

diary off
